IFM
lidx:   0 ->   0    0    0    0    0    0    0    0    0    0    0    0
lidx:   1 ->   0    1    2    3    4    5    6    7    8    9   10    0
lidx:   2 ->   0   11   12   13   14   15   16   17   18   19   20    0
lidx:   3 ->   0   21   22   23   24   25   26   27   28   29   30    0
lidx:   4 ->   0   31   32   33   34   35   36   37   38   39   40    0
lidx:   5 ->   0   41   42   43   44   45   46   47   48   49   50    0
lidx:   6 ->   0   51   52   53   54   55   56   57   58   59   60    0
lidx:   7 ->   0   61   62   63   64   65   66   67   68   69   70    0
lidx:   8 ->   0   71   72   73   74   75   76   77   78   79   80    0
lidx:   9 ->   0   81   82   83   84   85   86   87   88   89   90    0
lidx:  10 ->   0   91   92   93   94   95   96   97   98   99  100    0
lidx:  11 ->   0    0    0    0    0    0    0    0    0    0    0    0

Lowered IFM
lidx:   0 ->   0    0    0    0    1    2    0   11   12
lidx:   1 ->   0    0    0    1    2    3   11   12   13
lidx:   2 ->   0    0    0    2    3    4   12   13   14
lidx:   3 ->   0    0    0    3    4    5   13   14   15
lidx:   4 ->   0    0    0    4    5    6   14   15   16
lidx:   5 ->   0    0    0    5    6    7   15   16   17
lidx:   6 ->   0    0    0    6    7    8   16   17   18
lidx:   7 ->   0    0    0    7    8    9   17   18   19
lidx:   8 ->   0    0    0    8    9   10   18   19   20
lidx:   9 ->   0    0    0    9   10    0   19   20    0
lidx:  10 ->   0    1    2    0   11   12    0   21   22
lidx:  11 ->   1    2    3   11   12   13   21   22   23
lidx:  12 ->   2    3    4   12   13   14   22   23   24
lidx:  13 ->   3    4    5   13   14   15   23   24   25
lidx:  14 ->   4    5    6   14   15   16   24   25   26
lidx:  15 ->   5    6    7   15   16   17   25   26   27
lidx:  16 ->   6    7    8   16   17   18   26   27   28
lidx:  17 ->   7    8    9   17   18   19   27   28   29
lidx:  18 ->   8    9   10   18   19   20   28   29   30
lidx:  19 ->   9   10    0   19   20    0   29   30    0
lidx:  20 ->   0   11   12    0   21   22    0   31   32
lidx:  21 ->  11   12   13   21   22   23   31   32   33
lidx:  22 ->  12   13   14   22   23   24   32   33   34
lidx:  23 ->  13   14   15   23   24   25   33   34   35
lidx:  24 ->  14   15   16   24   25   26   34   35   36
lidx:  25 ->  15   16   17   25   26   27   35   36   37
lidx:  26 ->  16   17   18   26   27   28   36   37   38
lidx:  27 ->  17   18   19   27   28   29   37   38   39
lidx:  28 ->  18   19   20   28   29   30   38   39   40
lidx:  29 ->  19   20    0   29   30    0   39   40    0
lidx:  30 ->   0   21   22    0   31   32    0   41   42
lidx:  31 ->  21   22   23   31   32   33   41   42   43
lidx:  32 ->  22   23   24   32   33   34   42   43   44
lidx:  33 ->  23   24   25   33   34   35   43   44   45
lidx:  34 ->  24   25   26   34   35   36   44   45   46
lidx:  35 ->  25   26   27   35   36   37   45   46   47
lidx:  36 ->  26   27   28   36   37   38   46   47   48
lidx:  37 ->  27   28   29   37   38   39   47   48   49
lidx:  38 ->  28   29   30   38   39   40   48   49   50
lidx:  39 ->  29   30    0   39   40    0   49   50    0
lidx:  40 ->   0   31   32    0   41   42    0   51   52
lidx:  41 ->  31   32   33   41   42   43   51   52   53
lidx:  42 ->  32   33   34   42   43   44   52   53   54
lidx:  43 ->  33   34   35   43   44   45   53   54   55
lidx:  44 ->  34   35   36   44   45   46   54   55   56
lidx:  45 ->  35   36   37   45   46   47   55   56   57
lidx:  46 ->  36   37   38   46   47   48   56   57   58
lidx:  47 ->  37   38   39   47   48   49   57   58   59
lidx:  48 ->  38   39   40   48   49   50   58   59   60
lidx:  49 ->  39   40    0   49   50    0   59   60    0
lidx:  50 ->   0   41   42    0   51   52    0   61   62
lidx:  51 ->  41   42   43   51   52   53   61   62   63
lidx:  52 ->  42   43   44   52   53   54   62   63   64
lidx:  53 ->  43   44   45   53   54   55   63   64   65
lidx:  54 ->  44   45   46   54   55   56   64   65   66
lidx:  55 ->  45   46   47   55   56   57   65   66   67
lidx:  56 ->  46   47   48   56   57   58   66   67   68
lidx:  57 ->  47   48   49   57   58   59   67   68   69
lidx:  58 ->  48   49   50   58   59   60   68   69   70
lidx:  59 ->  49   50    0   59   60    0   69   70    0
lidx:  60 ->   0   51   52    0   61   62    0   71   72
lidx:  61 ->  51   52   53   61   62   63   71   72   73
lidx:  62 ->  52   53   54   62   63   64   72   73   74
lidx:  63 ->  53   54   55   63   64   65   73   74   75
lidx:  64 ->  54   55   56   64   65   66   74   75   76
lidx:  65 ->  55   56   57   65   66   67   75   76   77
lidx:  66 ->  56   57   58   66   67   68   76   77   78
lidx:  67 ->  57   58   59   67   68   69   77   78   79
lidx:  68 ->  58   59   60   68   69   70   78   79   80
lidx:  69 ->  59   60    0   69   70    0   79   80    0
lidx:  70 ->   0   61   62    0   71   72    0   81   82
lidx:  71 ->  61   62   63   71   72   73   81   82   83
lidx:  72 ->  62   63   64   72   73   74   82   83   84
lidx:  73 ->  63   64   65   73   74   75   83   84   85
lidx:  74 ->  64   65   66   74   75   76   84   85   86
lidx:  75 ->  65   66   67   75   76   77   85   86   87
lidx:  76 ->  66   67   68   76   77   78   86   87   88
lidx:  77 ->  67   68   69   77   78   79   87   88   89
lidx:  78 ->  68   69   70   78   79   80   88   89   90
lidx:  79 ->  69   70    0   79   80    0   89   90    0
lidx:  80 ->   0   71   72    0   81   82    0   91   92
lidx:  81 ->  71   72   73   81   82   83   91   92   93
lidx:  82 ->  72   73   74   82   83   84   92   93   94
lidx:  83 ->  73   74   75   83   84   85   93   94   95
lidx:  84 ->  74   75   76   84   85   86   94   95   96
lidx:  85 ->  75   76   77   85   86   87   95   96   97
lidx:  86 ->  76   77   78   86   87   88   96   97   98
lidx:  87 ->  77   78   79   87   88   89   97   98   99
lidx:  88 ->  78   79   80   88   89   90   98   99  100
lidx:  89 ->  79   80    0   89   90    0   99  100    0
lidx:  90 ->   0   81   82    0   91   92    0    0    0
lidx:  91 ->  81   82   83   91   92   93    0    0    0
lidx:  92 ->  82   83   84   92   93   94    0    0    0
lidx:  93 ->  83   84   85   93   94   95    0    0    0
lidx:  94 ->  84   85   86   94   95   96    0    0    0
lidx:  95 ->  85   86   87   95   96   97    0    0    0
lidx:  96 ->  86   87   88   96   97   98    0    0    0
lidx:  97 ->  87   88   89   97   98   99    0    0    0
lidx:  98 ->  88   89   90   98   99  100    0    0    0
lidx:  99 ->  89   90    0   99  100    0    0    0    0